0 1 0.001
0 2 0.15
0 3 0.001
0 4 0.2
0 5 0.15
0 6 0.05
0 7 0.2
0 8 0.2
0 9 0.1
0 10 0.2
0 13 0.2
0 14 0.01
0 16 0.15
0 19 0.01
0 27 0.05
0 30 0.1
0 41 0.15
0 46 0.15
0 55 0.1
0 56 0.05
0 68 0.15
0 70 0.05
0 75 0.15
0 91 0.1
0 96 0.3
0 97 0.001
1 0 0.001
1 5 0.2
1 6 0.1
1 7 0.3
1 8 0.001
1 9 0.001
1 11 0.15
1 16 0.2
1 18 0.15
1 20 0.001
1 23 0.1
1 25 0.05
1 33 0.01
1 40 0.001
1 43 0.3
1 46 0.05
1 47 0.01
1 64 0.001
1 74 0.05
1 75 0.01
1 78 0.1
1 84 0.3
2 0 0.01
2 5 0.15
2 6 0.001
2 23 0.2
2 32 0.01
2 33 0.05
2 38 0.05
2 53 0.15
2 80 0.2
2 84 0.2
2 92 0.001
2 93 0.1
2 95 0.2
3 0 0.1
3 15 0.001
3 29 0.05
3 43 0.3
3 64 0.3
3 87 0.2
4 0 0.05
4 5 0.15
4 9 0.3
4 12 0.05
4 25 0.15
4 57 0.001
5 0 0.05
5 1 0.15
5 2 0.01
5 4 0.3
5 6 0.01
5 7 0.05
5 9 0.2
5 10 0.05
5 11 0.2
5 12 0.001
5 13 0.1
5 15 0.3
5 21 0.05
5 30 0.01
5 32 0.3
5 34 0.1
5 36 0.3
5 38 0.3
5 41 0.05
5 48 0.1
5 50 0.1
5 51 0.15
5 53 0.05
5 59 0.01
5 60 0.2
5 64 0.1
5 65 0.001
5 73 0.1
5 74 0.001
5 77 0.001
5 78 0.1
5 83 0.15
5 88 0.05
5 89 0.01
5 90 0.01
5 92 0.15
6 0 0.1
6 1 0.01
6 2 0.001
6 5 0.05
6 7 0.2
6 8 0.001
6 11 0.05
6 12 0.15
6 16 0.1
6 18 0.001
6 19 0.2
6 22 0.01
6 24 0.15
6 25 0.01
6 28 0.05
6 31 0.05
6 42 0.3
6 49 0.1
6 55 0.1
6 58 0.15
6 60 0.01
6 73 0.01
6 74 0.2
6 85 0.1
6 96 0.1
7 0 0.2
7 1 0.15
7 5 0.05
7 6 0.1
7 8 0.001
7 10 0.001
7 11 0.01
7 13 0.01
7 14 0.15
7 17 0.001
7 19 0.2
7 25 0.1
7 26 0.2
7 27 0.15
7 28 0.3
7 29 0.15
7 30 0.01
7 42 0.1
7 44 0.1
7 54 0.1
7 61 0.05
7 69 0.2
7 77 0.3
7 78 0.1
7 87 0.15
7 92 0.1
7 94 0.15
7 97 0.3
7 99 0.001
8 0 0.2
8 1 0.01
8 6 0.01
8 7 0.1
8 10 0.15
8 12 0.001
8 17 0.001
8 39 0.15
8 42 0.1
8 57 0.1
8 63 0.001
8 65 0.05
8 67 0.001
8 81 0.05
8 93 0.05
9 0 0.2
9 1 0.2
9 4 0.001
9 5 0.001
9 17 0.1
9 20 0.1
9 23 0.01
9 37 0.2
9 44 0.3
9 50 0.2
9 63 0.05
9 79 0.05
9 83 0.2
10 0 0.1
10 5 0.15
10 7 0.001
10 8 0.1
10 14 0.05
10 15 0.15
10 20 0.01
10 21 0.2
10 24 0.001
10 27 0.1
10 28 0.3
10 32 0.15
10 34 0.01
10 35 0.01
10 40 0.001
10 59 0.01
10 80 0.3
13 0 0.001
13 5 0.3
13 7 0.01
13 12 0.1
13 20 0.1
13 66 0.01
14 0 0.05
14 7 0.1
14 10 0.1
14 11 0.001
14 16 0.15
14 26 0.01
14 28 0.2
14 60 0.3
14 64 0.1
14 88 0.01
14 89 0.1
16 0 0.05
16 1 0.1
16 6 0.2
16 14 0.15
16 22 0.05
16 31 0.2
16 34 0.1
16 37 0.05
16 38 0.15
16 39 0.15
16 40 0.1
16 83 0.3
16 90 0.3
16 97 0.15
19 0 0.01
19 6 0.3
19 7 0.001
19 18 0.3
19 21 0.15
19 31 0.2
19 33 0.1
19 59 0.15
27 0 0.3
27 7 0.05
27 10 0.1
27 11 0.001
27 29 0.05
27 37 0.001
27 54 0.001
27 69 0.2
27 70 0.1
27 89 0.3
30 0 0.3
30 5 0.3
30 7 0.15
30 20 0.001
30 46 0.3
30 88 0.01
41 0 0.001
41 5 0.01
41 35 0.05
41 40 0.2
41 48 0.01
41 51 0.2
41 76 0.05
41 91 0.001
41 96 0.1
41 99 0.001
46 0 0.15
46 1 0.15
46 30 0.05
46 31 0.1
46 71 0.1
55 0 0.001
55 6 0.001
55 12 0.01
55 54 0.1
55 58 0.1
55 68 0.3
55 69 0.1
55 81 0.001
55 85 0.05
55 87 0.1
56 0 0.3
56 17 0.3
56 21 0.15
56 50 0.3
56 94 0.3
68 0 0.01
68 15 0.15
68 43 0.05
68 55 0.1
68 95 0.05
70 0 0.001
70 27 0.05
70 49 0.3
70 69 0.001
70 71 0.05
75 0 0.1
75 1 0.1
75 20 0.3
75 54 0.2
75 86 0.05
91 0 0.01
91 12 0.05
91 41 0.1
91 44 0.3
96 0 0.05
96 6 0.3
96 23 0.1
96 41 0.1
97 0 0.01
97 7 0.3
97 16 0.15
97 17 0.15
11 1 0.05
11 5 0.05
11 6 0.1
11 7 0.001
11 14 0.2
11 15 0.05
11 22 0.15
11 23 0.001
11 27 0.1
11 31 0.15
11 33 0.1
11 34 0.3
11 49 0.1
11 53 0.001
11 78 0.15
11 84 0.001
11 99 0.3
18 1 0.05
18 6 0.2
18 15 0.15
18 17 0.001
18 19 0.001
18 36 0.2
18 43 0.1
18 98 0.2
20 1 0.01
20 9 0.2
20 10 0.1
20 13 0.3
20 21 0.15
20 24 0.15
20 30 0.1
20 51 0.2
20 71 0.2
20 72 0.05
20 75 0.2
20 93 0.01
23 1 0.1
23 2 0.2
23 9 0.15
23 11 0.01
23 96 0.15
25 1 0.15
25 4 0.05
25 6 0.05
25 7 0.3
25 62 0.001
33 1 0.15
33 2 0.05
33 11 0.05
33 19 0.01
33 38 0.1
33 58 0.01
33 62 0.05
33 73 0.15
40 1 0.05
40 10 0.3
40 16 0.1
40 21 0.1
40 41 0.15
40 48 0.2
40 80 0.01
43 1 0.2
43 3 0.15
43 18 0.2
43 35 0.15
43 49 0.2
43 54 0.001
43 68 0.3
43 86 0.1
47 1 0.05
47 21 0.2
47 22 0.01
47 36 0.01
47 53 0.001
47 57 0.15
47 61 0.3
47 79 0.05
64 1 0.001
64 3 0.3
64 5 0.2
64 14 0.05
64 95 0.3
74 1 0.01
74 5 0.001
74 6 0.05
74 12 0.1
78 1 0.01
78 5 0.05
78 7 0.3
78 11 0.001
84 1 0.001
84 2 0.1
84 11 0.1
84 45 0.01
84 93 0.001
32 2 0.1
32 5 0.05
32 10 0.01
32 24 0.05
32 35 0.3
32 49 0.2
32 63 0.3
38 2 0.05
38 5 0.15
38 16 0.01
38 33 0.15
38 58 0.2
38 62 0.2
38 67 0.15
53 2 0.15
53 5 0.001
53 11 0.01
53 47 0.3
53 61 0.01
53 67 0.01
80 2 0.1
80 10 0.15
80 22 0.01
80 40 0.3
92 2 0.01
92 5 0.3
92 7 0.001
92 12 0.05
93 2 0.3
93 8 0.001
93 20 0.15
93 84 0.05
95 2 0.001
95 28 0.2
95 64 0.2
95 68 0.3
15 3 0.1
15 5 0.001
15 10 0.15
15 11 0.001
15 18 0.2
15 22 0.15
15 29 0.15
15 68 0.001
15 90 0.05
29 3 0.001
29 7 0.001
29 15 0.1
29 27 0.05
29 37 0.2
29 45 0.05
29 69 0.05
29 76 0.01
87 3 0.001
87 7 0.15
87 55 0.3
87 72 0.15
87 88 0.01
12 4 0.05
12 5 0.001
12 6 0.001
12 8 0.15
12 13 0.01
12 17 0.001
12 24 0.01
12 26 0.001
12 35 0.15
12 36 0.001
12 39 0.15
12 42 0.05
12 44 0.05
12 45 0.001
12 52 0.001
12 55 0.001
12 60 0.05
12 62 0.001
12 71 0.2
12 74 0.2
12 86 0.1
12 91 0.001
12 92 0.1
12 98 0.15
57 4 0.05
57 8 0.05
57 31 0.1
57 47 0.15
57 65 0.05
57 73 0.01
57 82 0.2
57 98 0.01
21 5 0.1
21 10 0.001
21 19 0.15
21 20 0.15
21 26 0.001
21 35 0.2
21 39 0.2
21 40 0.001
21 47 0.001
21 56 0.2
21 79 0.3
34 5 0.2
34 10 0.05
34 11 0.1
34 16 0.15
34 45 0.3
36 5 0.3
36 12 0.15
36 18 0.01
36 31 0.15
36 47 0.3
36 85 0.15
36 94 0.05
48 5 0.15
48 17 0.05
48 40 0.05
48 41 0.001
50 5 0.05
50 9 0.01
50 17 0.15
50 31 0.15
50 52 0.01
50 56 0.01
50 77 0.3
50 82 0.001
50 89 0.2
51 5 0.01
51 20 0.2
51 35 0.3
51 41 0.15
51 76 0.3
59 5 0.001
59 10 0.01
59 19 0.2
59 31 0.01
59 72 0.3
60 5 0.001
60 6 0.15
60 12 0.2
60 14 0.001
65 5 0.01
65 8 0.001
65 35 0.1
65 57 0.001
73 5 0.001
73 6 0.01
73 33 0.3
73 57 0.15
77 5 0.05
77 7 0.1
77 50 0.2
77 54 0.3
83 5 0.2
83 9 0.3
83 16 0.3
83 31 0.001
83 85 0.3
88 5 0.1
88 14 0.15
88 30 0.001
88 87 0.2
89 5 0.01
89 14 0.15
89 27 0.15
89 50 0.001
90 5 0.001
90 15 0.3
90 16 0.01
90 39 0.05
22 6 0.15
22 11 0.3
22 15 0.01
22 16 0.05
22 47 0.1
22 66 0.2
22 80 0.001
24 6 0.3
24 10 0.15
24 12 0.15
24 20 0.01
24 32 0.15
24 44 0.05
28 6 0.15
28 7 0.1
28 10 0.01
28 14 0.001
28 45 0.3
28 95 0.2
31 6 0.01
31 11 0.1
31 16 0.15
31 19 0.001
31 36 0.3
31 46 0.2
31 50 0.2
31 57 0.01
31 59 0.001
31 72 0.01
31 83 0.15
42 6 0.2
42 7 0.05
42 8 0.1
42 12 0.15
49 6 0.2
49 11 0.3
49 32 0.05
49 43 0.05
49 70 0.15
49 79 0.15
49 98 0.001
58 6 0.2
58 33 0.1
58 38 0.1
58 55 0.001
58 66 0.001
85 6 0.01
85 36 0.2
85 55 0.05
85 83 0.001
17 7 0.2
17 8 0.3
17 9 0.01
17 12 0.2
17 18 0.2
17 48 0.3
17 50 0.001
17 52 0.01
17 56 0.3
17 61 0.15
17 81 0.1
17 97 0.1
26 7 0.3
26 12 0.1
26 14 0.05
26 21 0.3
44 7 0.3
44 9 0.1
44 12 0.3
44 24 0.3
44 52 0.2
44 54 0.2
44 66 0.05
44 76 0.15
44 82 0.05
44 91 0.3
54 7 0.1
54 27 0.3
54 43 0.001
54 44 0.15
54 55 0.01
54 75 0.15
54 77 0.001
54 82 0.2
61 7 0.15
61 17 0.001
61 47 0.15
61 53 0.1
61 63 0.1
69 7 0.2
69 27 0.15
69 29 0.01
69 55 0.3
69 70 0.2
94 7 0.05
94 35 0.3
94 36 0.2
94 56 0.3
99 7 0.05
99 11 0.1
99 41 0.2
99 67 0.15
39 8 0.15
39 12 0.001
39 16 0.05
39 21 0.001
39 90 0.2
63 8 0.05
63 9 0.1
63 32 0.3
63 61 0.001
63 72 0.1
63 86 0.1
67 8 0.05
67 37 0.1
67 38 0.2
67 53 0.15
67 99 0.15
81 8 0.1
81 17 0.01
81 55 0.15
81 62 0.15
37 9 0.15
37 16 0.1
37 27 0.2
37 29 0.3
37 67 0.3
79 9 0.1
79 21 0.05
79 47 0.2
79 49 0.01
35 10 0.001
35 12 0.05
35 21 0.3
35 32 0.05
35 41 0.15
35 43 0.001
35 51 0.3
35 65 0.2
35 94 0.3
66 13 0.05
66 22 0.05
66 44 0.001
66 58 0.2
76 29 0.15
76 41 0.05
76 44 0.3
76 51 0.01
71 12 0.01
71 20 0.15
71 46 0.001
71 70 0.15
86 12 0.01
86 43 0.001
86 63 0.001
86 75 0.001
98 12 0.05
98 18 0.3
98 49 0.1
98 57 0.05
72 20 0.05
72 31 0.01
72 59 0.05
72 63 0.3
72 87 0.05
62 12 0.01
62 25 0.1
62 33 0.15
62 38 0.3
62 81 0.1
45 12 0.3
45 28 0.001
45 29 0.05
45 34 0.05
45 84 0.1
52 12 0.001
52 17 0.01
52 44 0.001
52 50 0.05
82 44 0.1
82 50 0.05
82 54 0.15
82 57 0.1
